1    360.0
2    -62.0
3    -62.7
4    -66.0
5    -62.0
6    -62.4
7    -67.5
8    -66.0
9    -63.4
10    -69.7
11    -68.3
12    -72.9
13    -65.0
14    -78.4
15    -75.6
16    -76.5
17    -66.1
18    -87.2
19    -45.1
20    -87.0
21     -2.9
22    -73.9
23    -14.6
24    -86.0
25    -91.7
26    -67.9
27    -62.3
28    -64.5
29    -62.5
30    -62.4
31    -67.9
32    -62.9
33    -63.4
34    -67.3
35    -63.6
36    -68.7
37    -69.3
38    -70.5
39    -83.6
40    -58.9
41    -74.8
42    -63.4
43    -62.0
44    -64.5
45    -70.0
46    -61.5
47    -64.4
48    -66.9
49    -63.2
50    -59.1
51    -61.7
52    -67.2
53    -69.3
54    -70.3
55    -71.1
56    -75.5
57    -77.7
58    -79.2
59    -77.4
60    -80.6
61    -84.8
62    -66.4
63    -65.8
64    -62.4
65    -64.3
66    -62.4
67    -62.9
68    -63.9
69    -66.1
70    -61.7
71    -60.8
72    -67.9
73    -64.3
74    -63.8
75    -70.7
76    -79.0
77    -79.2
78    -76.1
79    -67.2
80    -63.8
81    -80.5
