1     36.1
2    -13.3
3    -22.6
4    -18.9
5     -4.0
6    -37.6
7    -28.1
8    -20.8
9    -26.6
10    -29.3
11    -38.1
12    -24.3
13    -29.4
14      3.6
15     23.8
16     87.5
17     16.3
18     22.7
19     18.3
20     67.7
21     70.7
22     47.0
23     13.5
24     49.0
25     90.8
26     52.5
27    -20.1
28     -5.1
29    -37.9
30    -31.0
31    -26.7
32    -54.1
33    -31.4
34    -16.0
35    -24.0
36    -12.2
37     -0.2
38    -24.3
39     12.5
40     20.3
41     78.3
42     -9.2
43    -12.3
44    -40.2
45    -51.5
46    -34.9
47    -32.3
48    -24.0
49    -31.4
50    -29.6
51      1.7
52      1.0
53     11.0
54    -14.2
55     -0.5
56     18.9
57      6.0
58     19.3
59     54.8
60     94.1
61    108.2
62     88.7
63     -6.4
64    -41.2
65    -37.4
66    -31.8
67    -30.1
68    -36.2
69    -14.2
70    -31.4
71    -38.4
72    -15.9
73    -34.6
74    -25.4
75      7.6
76     -4.8
77      5.9
78     18.2
79     14.8
80     39.4
81    360.0
