1    360.0
2    -82.4
3    -81.7
4    -75.2
5    -87.6
6    -80.6
7    -61.8
8    -73.4
9    -65.1
10    -62.0
11    -62.6
12    -63.5
13    -63.7
14    -62.6
15    -63.9
16    -63.4
17    -62.3
18    -68.6
19    -68.5
20    -67.1
21    -63.0
22    -72.3
23    -62.5
24    -62.6
25    -62.4
26    -61.2
27    -62.6
28    -65.1
29    -63.0
30    -62.9
31    -66.2
32    -64.8
33    -60.9
34    -66.2
35    -65.0
36    -63.7
37    -62.7
38    -65.5
39    -69.0
40    -67.4
41    -69.1
42    -77.8
43    -80.6
44    -79.9
45    -91.3
46    -74.4
47    -87.7
48     16.7
49    -84.5
50    -73.2
51     28.2
52    -81.6
53   -103.8
54   -113.7
55   -111.3
56   -113.9
57    -98.6
58    -87.0
59    -85.4
60    -40.1
61    -87.4
62    -83.5
63    -84.9
64    -68.0
65    -50.1
66    -77.5
67    -97.2
68    -99.5
69   -113.8
70    -98.4
71     23.6
72    -86.7
73    -92.7
74     31.7
75    -89.8
76    -89.5
77    -68.8
78    -15.1
79    -90.0
80    -78.5
81    -93.6
82    -82.8
83    -87.6
84    -85.8
85     10.1
86   -110.8
87   -111.7
88   -111.3
89   -112.2
90   -102.2
91    -99.0
92    -85.6
93    -37.5
94    -83.9
95      0.2
96    -82.2
97    -85.4
98    -78.3
99    -74.0
100    -78.3
101    -40.0
102    -76.8
103    -76.3
104    -74.9
105    -76.7
106    -43.3
107    -77.2
108    -79.1
109    -71.6
110    -81.8
111    -74.9
112    -82.6
113    -74.8
114    -87.8
115    -95.2
116   -107.7
117   -102.0
118   -110.9
119   -110.5
120   -107.7
121    -98.0
122   -107.4
123   -112.3
124   -100.2
125    -75.3
126    -69.2
127    -74.1
128    -87.6
129    -46.6
130    -75.9
131    -84.5
132    -66.3
133    -61.9
134    -66.6
135    -65.3
136    -60.4
137    -64.3
138    -63.6
139    -62.0
140    -61.3
141    -65.0
142    -62.7
143    -61.0
144    -62.8
145    -65.1
146    -63.3
147    -63.4
148    -64.1
149    -64.9
150    -64.5
151    -67.4
152    -70.9
153    -75.2
154    -89.8
155    -83.5
156    -73.1
157    -77.7
158    -73.4
159    -87.7
160    -85.9
161    -79.6
162    -80.7
163    -74.6
164    -84.8
165    -82.4
166     -2.0
167     -6.6
168    -92.3
