1     93.9
2    103.3
3     67.8
4     52.3
5     84.9
6     87.8
7     -8.9
8    -26.8
9    -21.2
10    -43.1
11    -25.5
12    -18.0
13    -10.7
14    -25.2
15    -20.5
16    -25.3
17    -34.9
18    -21.3
19    -28.1
20    -25.1
21      7.7
22     17.1
23     20.6
24      9.5
25     -8.4
26    -24.6
27    -27.0
28    -44.9
29    -27.7
30    -27.7
31    -14.6
32    -35.5
33    -28.7
34    -25.7
35    -25.5
36     -2.1
37      3.0
38     -0.7
39     -9.4
40      1.0
41     -8.5
42     21.2
43     46.7
44     51.9
45    137.1
46    111.6
47     69.6
48     52.0
49     87.8
50     55.7
51     13.8
52     92.1
53    125.0
54    129.1
55    116.8
56    120.6
57    131.2
58     91.4
59     91.5
60     67.6
61    101.8
62    108.3
63     70.6
64     71.9
65     92.5
66     73.0
67    111.8
68    117.0
69    111.2
70    118.0
71     61.5
72     71.9
73     78.7
74     90.1
75     97.9
76    154.3
77     75.5
78     13.2
79     72.8
80     70.4
81     54.9
82     87.8
83     97.9
84     96.9
85     63.2
86    155.2
87    132.8
88    125.5
89    128.8
90    142.5
91    114.6
92     77.6
93     35.1
94     63.4
95     44.8
96     69.4
97     99.9
98     83.1
99     55.4
100     47.2
101     48.9
102     88.0
103     87.8
104     75.7
105     83.6
106     40.9
107     67.5
108    101.7
109     80.5
110     53.5
111     89.3
112     93.9
113     85.8
114    100.1
115    108.9
116    130.9
117    122.2
118    134.1
119    132.1
120    101.6
121    102.7
122    135.6
123    117.3
124    105.2
125     96.6
126     46.9
127     41.2
128     96.4
129     79.8
130     79.0
131    103.6
132     63.3
133     -8.2
134     -0.6
135    -28.5
136    -28.1
137    -23.4
138    -13.7
139    -45.9
140    -44.1
141    -33.3
142    -40.0
143    -22.0
144    -25.5
145    -18.9
146    -24.3
147    -23.6
148    -22.1
149    -35.9
150    -38.2
151    -16.4
152     -2.7
153     31.3
154     47.5
155    104.2
156     59.8
157     30.9
158     57.0
159     77.9
160     84.9
161     36.3
162     59.6
163     63.3
164     77.1
165     80.1
166     49.2
167     61.3
168    360.0
